50
25
0 1 2 3 4 5 6 7 8 9 10 11 12 13 14 15 16 17 18 19 20 21 22 23 24 25 26 27 28 29 30 31 32 33 34 35 36 37 38 39 40 41 42 43 44 45 46 47 48 49 
17 33 4 42 24 8 49 31 45 5 43 32 47 9 3 12 38 41 21 28 37 16 19 15 7 
13 
x         414.19802 324.23448 365.07533 188.38259 518.22775 100.49876 384.52568 141.66157 377.58443 208.1658  163.41665 373.59069 140.81193 373.36309 226.5149  422.73987 x         185.15129 355.98455 89.80535  187.32325 499.43668 364.67108 482.63133 120.81391 398.49718 161.61683 256.70216 x         535.11307 230.62741 33.0      466.47615 113.87713 175.58189 548.39128 405.53175 444.95618 352.41027 103.31021 394.41095 526.60801 471.48489 344.57075 404.77278 235.21267 326.40159 291.87155 510.7563  
414.19802 x         600.29326 584.63664 237.40261 469.59557 332.29505 285.74814 490.14692 204.47494 213.03756 346.41738 304.21374 437.36026 575.36076 187.68324 185.04324 272.59494 405.82385 138.5388  429.50786 332.23185 462.12661 314.84123 355.09013 295.00508 203.66639 442.7008  427.32657 404.10518 443.13655 201.93316 408.94621 259.30677 338.32529 505.09504 455.01758 x         444.92022 112.76968 339.46576 314.35012 386.74539 260.84862 495.80339 107.01869 523.0153  541.20791 270.14255 319.62478 
324.23448 600.29326 x         78.23043  383.63524 390.94757 405.76348 391.51501 184.0978  446.80421 461.91016 262.20031 367.45884 195.4789  100.23971 449.76549 498.66321 422.58727 198.82907 478.599   238.30443 270.48475 372.64594 351.33602 438.7448  392.61686 464.24993 179.10891 177.67386 494.00911 434.7528  406.01601 357.02801 492.15445 296.97138 149.21461 442.94582 268.26852 319.82808 495.101   304.17922 377.48642 468.34603 496.6387  158.00316 532.51573 91.39475  85.00588  343.87352 499.80796 
365.07533 584.63664 78.23043  x         386.65747 320.62439 434.44217 348.30446 233.829   413.00121 471.79339 267.92723 323.63251 226.0     22.80351  452.67759 462.64998 440.93083 206.72929 454.6966  275.46506 268.83824 303.16497 307.61177 381.02625 413.05205 428.29896 206.08736 159.22311 430.35915 367.01226 401.51339 397.98618 445.60072 313.90444 199.61212 374.10827 204.21557 253.71244 474.7473  323.39604 330.10301 406.45295 449.72214 100.72239 506.25784 134.48048 45.18849  317.51063 445.39421 
188.38259 237.40261 383.63524 386.65747 x         404.94938 139.26952 232.07757 253.52712 200.6639  90.13878  121.49486 230.55151 203.65657 383.67695 66.37017  239.92707 93.2309   185.0     168.46661 192.10674 117.9237  389.22102 228.17756 334.99403 90.44335  220.29072 212.20745 230.21729 407.52055 405.77087 42.29657  193.31063 293.9932  101.07423 271.00738 419.66296 324.72758 345.74268 164.0762  102.18121 251.2847  379.24662 298.70721 318.34729 216.39085 298.21636 341.47035 146.24979 346.46789 
518.22775 469.59557 390.94757 320.62439 404.94938 x         528.56409 190.67249 452.67648 267.2265  487.30791 355.56293 180.82588 403.62854 298.32868 447.12079 287.75858 496.48766 343.01166 338.03698 447.12526 333.45764 19.72308  178.73164 x         484.28504 265.93232 386.87466 280.12854 126.05158 52.3259   385.50357 543.13258 224.3212  410.82356 432.90299 55.10898  128.15615 77.52419  367.0218  423.20799 163.487   114.56003 225.32199 236.01907 363.34144 387.76926 307.11887 259.2547  183.67362 
100.49876 332.29505 405.76348 434.44217 139.26952 528.56409 x         367.7064  231.67218 339.77934 119.41943 185.53975 363.03443 211.07345 438.65704 149.7765  377.01061 60.13319  233.21449 301.39177 168.7987  201.20139 511.28563 358.11311 470.37963 48.82622  359.13786 229.51253 300.67258 543.77661 535.80034 177.65416 81.85964  433.24358 128.26535 262.48238 549.6044  431.20761 461.97186 290.70432 116.40017 384.19266 514.89805 437.94292 393.69658 342.8542  314.42805 391.93112 277.23816 x         
384.52568 285.74814 391.51501 348.30446 232.07757 190.67249 367.7064  x         368.2825  81.59657  305.45867 228.23891 24.69818  309.11487 332.4154  263.09884 119.85408 325.21993 249.68981 149.48244 336.78628 202.608   180.00278 40.70626  102.94173 319.81245 88.20431  300.16662 220.95248 176.07101 178.48809 204.28656 402.18528 101.60709 270.65107 362.6086  192.20042 173.21663 159.38005 178.12636 281.44094 x         147.32277 106.36729 248.16325 183.69812 344.44884 312.83542 92.91394  128.39003 
141.66157 490.14692 184.0978  233.829   253.52712 452.67648 231.67218 368.2825  x         391.56353 311.89902 153.22206 349.8714  60.0      246.06503 313.0575  443.38358 261.45745 119.1008  395.83961 65.8559   175.82378 432.97229 336.46545 450.69391 230.21729 412.39302 68.96376  172.56883 520.48535 481.72399 288.59141 173.96839 465.55343 152.64338 35.0571   493.53926 327.20024 375.25725 402.61272 153.80832 367.72272 490.91751 470.61874 239.43475 450.40537 99.46356  201.16163 287.02787 495.39075 
377.58443 204.47494 446.80421 413.00121 200.6639  267.2265  339.77934 81.59657  391.56353 x         256.08788 240.05208 102.0     331.66549 399.36199 212.16267 52.88667  288.76634 279.15766 71.25307  348.12785 216.03703 258.52079 114.82596 160.80112 290.98797 21.2132   327.57595 269.80363 224.08257 246.64144 163.22071 389.07711 93.8616   267.5855  393.01018 259.58621 252.44801 240.97303 100.2447  276.02355 110.06362 200.025   98.40732  315.52654 102.41582 387.40805 373.87164 106.96261 150.71165 
208.1658  213.03756 461.91016 471.79339 90.13878  487.30791 119.41943 305.45867 311.89902 256.08788 x         203.90194 308.46232 271.8106  470.26907 43.93177  282.57742 60.63827  266.32687 202.42529 246.27221 205.18528 472.59708 308.69078 406.48001 87.66413  272.3472  284.56458 317.97012 476.21214 483.24424 101.95097 198.17669 348.76496 165.89454 335.75289 497.07344 413.65807 432.05671 185.21879 160.7047  328.16002 449.54755 352.932   407.59048 234.79779 373.06568 426.75168 228.56946 406.77389 
163.41665 346.41738 262.20031 267.92723 121.49486 355.56293 185.53975 228.23891 153.22206 240.05208 203.90194 x         214.21718 94.64143  267.06741 187.77114 291.13914 176.63805 63.51378  243.1296  109.44405 25.63201  337.02819 203.78911 322.1211  152.08221 261.12258 96.64885  118.10588 395.49716 x         146.1027  187.57932 319.47613 57.93962  161.00311 384.98052 248.20355 283.78337 251.62273 70.38466  234.41203 365.49282 324.57511 211.00237 297.98322 178.24141 222.94618 139.26952 356.52349 
373.59069 304.21374 367.45884 323.63251 230.55151 180.82588 363.03443 24.69818  349.8714  102.0     308.46232 214.21718 x         291.29023 307.7174  267.25456 143.58621 323.68194 230.85277 166.3881  321.44206 188.73262 168.19334 16.15549  109.20165 315.93987 111.04053 281.30055 198.3381  183.21845 175.4195  206.54539 392.83712 124.90797 259.9423  342.69082 189.30663 150.632   141.22323 194.37335 271.22131 21.2132   153.52524 129.5222  223.46588 204.38444 322.21887 288.36089 85.79627  145.52663 
140.81193 437.36026 195.4789  226.0     203.65657 403.62854 211.07345 309.11487 60.0      331.66549 271.8106  94.64143  291.29023 x         233.04077 266.69271 383.60005 228.12277 62.16912  337.77063 51.5461   116.24973 384.0638  278.2966  393.85911 197.68662 352.45993 20.88061  125.93649 464.69883 429.43917 235.46762 173.27723 405.78319 106.30146 67.74216  441.70239 281.46048 326.89142 345.85691 111.25197 309.61266 434.92528 410.85521 206.61317 392.61304 104.17773 185.97312 227.03524 436.68295 
373.36309 575.36076 100.23971 22.80351  383.67695 298.32868 438.65704 332.4154  246.06503 399.36199 470.26907 267.06741 307.7174  233.04077 x         449.23157 448.20643 442.0543  207.80038 443.60455 283.55775 265.80068 281.02847 291.83043 361.26583 414.96506 414.00483 x         153.93505 409.19066 345.11737 396.24361 406.08989 428.43903 315.67071 212.62408 352.01278 183.5647  232.34888 464.55678 325.7192  313.17727 385.68899 x         84.31489  494.30861 147.73287 47.09565  306.60887 426.27691 
226.5149  187.68324 449.76549 452.67759 66.37017  447.12079 149.7765  263.09884 313.0575  212.16267 43.93177  187.77114 267.25456 266.69271 449.23157 x         239.26554 90.02777  251.2847  159.50549 249.11042 183.8396  432.94572 268.40268 363.45564 108.11568 228.44912 276.68213 295.44712 432.72624 441.32188 62.514    222.32409 304.86226 161.19864 333.20864 455.10878 379.08442 394.43757 144.02778 159.26079 286.5397  406.28192 309.0453  381.87432 194.99744 363.62618 407.4911  189.88944 362.85672 
422.73987 185.04324 498.66321 462.64998 239.92707 287.75858 377.01061 119.85408 443.38358 52.88667  282.57742 291.13914 143.58621 383.60005 448.20643 239.26554 x         322.59107 331.84334 80.61017  398.24616 267.60605 282.28    158.41717 170.423   328.73241 34.48188  380.00132 322.09471 220.84384 258.43568 199.48935 431.96759 76.24303  315.22849 445.53339 270.11849 292.84979 274.2353  103.73042 322.89317 145.66056 201.99257 78.77182  364.00549 78.23043  440.25447 424.46319 159.83116 138.1919  
x         272.59494 422.58727 440.93083 93.2309   496.48766 60.13319  325.21993 261.45745 288.76634 60.63827  176.63805 323.68194 228.12277 442.0543  90.02777  322.59107 x         234.39497 245.07346 195.68597 x         480.26347 320.89406 428.09462 31.241    307.20026 243.48306 294.67949 500.37286 498.74442 125.60653 137.53909 382.62776 127.20063 288.20999 512.6334  409.41422 434.61477 232.56182 118.68024 344.47061 472.27111 387.1563  387.25315 284.29034 331.86895 396.65854 238.90793 437.2688  
185.15129 405.82385 198.82907 206.72929 185.0     343.01166 233.21449 249.68981 119.1008  279.15766 266.32687 63.51378  230.85277 62.16912  207.80038 251.2847  331.84334 234.39497 x         294.14622 104.69002 73.60027  323.55834 217.36605 332.05421 207.18349 299.40107 50.48762  71.58911  402.61644 367.60985 207.8942  215.08138 348.17381 107.912   114.28036 379.98421 223.33159 266.85015 306.15029 118.27088 248.6222  372.87666 353.20391 162.04938 349.28498 117.20068 162.27446 172.53985 376.3788  
355.98455 138.5388  478.599   454.6966  168.46661 338.03698 301.39177 149.48244 395.83961 71.25307  202.42529 243.1296  166.3881  337.77063 443.60455 159.50549 80.61017  245.07346 294.14622 x         343.70045 222.99103 328.73698 176.45963 231.41737 254.00197 78.77182  338.09022 301.62394 291.78417 317.78766 126.37247 361.73194 152.12166 255.2822  403.50713 330.65087 313.16609 307.54674 29.01724  261.00192 178.05898 269.24524 155.61812 361.96409 55.15433  409.25542 412.75295 137.18601 213.41275 
89.80535  429.50786 238.30443 275.46506 192.10674 447.12526 168.7987  336.78628 65.8559   348.12785 246.27221 109.44405 321.44206 51.5461   283.55775 249.11042 398.24616 195.68597 104.69002 343.70045 x         134.85177 427.76863 309.8903  427.61197 164.45364 369.3034  72.42237  174.02586 500.036   469.75845 229.58223 122.58874 428.91608 91.41663  93.91486  482.44792 327.94664 371.34485 347.53993 90.35486  341.00587 470.05212 434.01498 257.72078 397.19013 147.64823 236.60304 248.71269 465.17631 
187.32325 332.23185 270.48475 268.83824 117.9237  333.45764 201.20139 202.608   175.82378 216.03703 205.18528 25.63201  188.73262 116.24973 265.80068 183.8396  267.60605 x         73.60027  222.99103 134.85177 x         315.20311 178.53011 296.86529 163.59095 237.00211 115.10864 112.79184 370.36874 348.0     135.5913  210.1547  294.18702 77.42093  180.64606 361.36547 230.08259 263.09694 233.44593 89.87213  209.02153 340.3792  299.28582 203.30519 278.09531 190.80094 223.65151 113.95174 330.89273 
499.43668 462.12661 372.64594 303.16497 389.22102 19.72308  511.28563 180.00278 432.97229 258.52079 472.59708 337.02819 168.19334 384.0638  281.02847 432.94572 282.28    480.26347 323.55834 328.73698 427.76863 315.20311 x         164.76043 121.20231 467.42379 258.6832  367.2397  260.43233 136.565   65.30697  371.01213 524.60461 222.27236 392.61304 413.18519 71.00704  108.63241 57.80138  357.61711 405.03086 152.08221 121.24768 223.7074  217.07602 356.55294 368.24177 288.54289 244.13111 186.35718 
364.67108 314.84123 351.33602 307.61177 228.17756 178.73164 358.11311 40.70626  336.46545 114.82596 308.69078 203.78911 16.15549  278.2966  291.83043 268.40268 158.41717 320.89406 217.36605 176.45963 309.8903  178.53011 164.76043 x         118.3385  311.66168 125.31959 267.71066 182.79223 191.92707 178.05898 206.81393 384.8792  140.94325 251.45377 328.44482 191.92707 137.8296  132.84954 203.84308 263.0057  31.32092  161.97839 145.52319 207.54758 216.81328 306.78983 272.21499 81.9878   159.38946 
482.63133 355.09013 438.7448  381.02625 334.99403 x         470.37963 102.94173 450.69391 160.80112 406.48001 322.1211  109.20165 393.85911 361.26583 363.45564 170.423   428.09462 332.05421 231.41737 427.61197 296.86529 121.20231 118.3385  x         422.64051 154.05518 381.7342  287.23684 74.02702  88.05112  306.20255 502.03586 102.78619 369.08671 439.52702 100.07997 178.73164 137.37904 260.09998 380.4103  88.23265  44.55334  103.6195  282.46062 248.07257 409.76579 354.54337 193.93298 68.24222  
120.81391 295.00508 392.61686 413.05205 90.44335  484.28504 48.82622  319.81245 230.21729 290.98797 87.66413  152.08221 315.93987 197.68662 414.96506 108.11568 328.73241 31.241    207.18349 254.00197 164.45364 163.59095 467.42379 311.66168 422.64051 x         310.41263 213.55093 270.0     495.82759 489.65498 129.24782 114.21471 384.42164 99.29753  257.10893 503.50074 391.5763  419.65939 244.73046 89.73851  337.02819 467.11027 389.12466 363.04958 297.19522 301.66372 369.13141 230.22815 436.66463 
398.49718 203.66639 464.24993 428.29896 220.29072 265.93232 359.13786 88.20431  412.39302 21.2132   272.3472  261.12258 111.04053 352.45993 414.00483 228.44912 34.48188  307.20026 299.40107 78.77182  369.3034  237.00211 258.6832  125.31959 154.05518 310.41263 x         348.08045 287.84718 213.01878 241.46635 181.95879 409.64497 76.41989  288.73517 413.41142 253.95472 261.33503 245.81701 106.738   297.10772 115.4123  190.67249 80.61017  329.86209 97.98469  406.60177 389.99744 126.92124 135.91174 
161.61683 442.7008  179.10891 206.08736 212.20745 386.87466 229.51253 300.16662 68.96376  327.57595 284.56458 96.64885  281.30055 20.88061  x         276.68213 380.00132 243.48306 50.48762  338.09022 72.42237  115.10864 367.2397  267.71066 381.7342  213.55093 348.08045 x         107.62899 451.66913 414.1618  241.44772 194.00258 398.40683 118.72658 65.73431  426.203   263.42361 309.80316 347.85773 125.23977 298.93143 x         403.44764 186.06719 393.17808 88.68484  165.51133 221.57843 426.82081 
256.70216 427.32657 177.67386 159.22311 230.21729 280.12854 300.67258 220.95248 172.56883 269.80363 317.97012 118.10588 198.3381  125.93649 153.93505 295.44712 322.09471 294.67949 71.58911  301.62394 174.02586 112.79184 260.43233 182.79223 287.23684 270.0     287.84718 107.62899 x         353.39072 310.03548 242.53866 286.64438 322.55232 172.74258 154.87091 321.54782 155.79474 202.76587 319.39474 184.31766 212.15089 324.54892 327.31942 93.19335  355.14082 124.10077 114.62111 166.2077  340.02353 
x         404.10518 494.00911 430.35915 407.52055 126.05158 543.77661 176.07101 520.48535 224.08257 476.21214 395.49716 183.21845 464.69883 409.19066 432.72624 220.84384 500.37286 402.61644 291.78417 500.036   370.36874 136.565   191.92707 74.02702  495.82759 213.01878 451.66913 353.39072 x         74.06079  377.20021 576.05555 145.0     443.04063 507.4564  76.36753  226.49724 176.92089 319.4057  454.4007  162.20049 30.01666  143.26549 336.02381 298.56323 473.5103  409.01956 267.82457 85.02353  
535.11307 443.13655 434.7528  367.01226 405.77087 52.3259   535.80034 178.48809 481.72399 246.64144 483.24424 x         175.4195  429.43917 345.11737 441.32188 258.43568 498.74442 367.60985 317.78766 469.75845 348.0     65.30697  178.05898 88.05112  489.65498 241.46635 414.1618  310.03548 74.06079  x         381.52457 557.9077  188.66372 424.28528 464.72465 13.89244  167.1945  115.11733 346.67708 436.35421 155.18376 66.88797  188.73262 277.61304 336.12051 424.14738 350.06856 259.92499 140.03571 
230.62741 201.93316 406.01601 401.51339 42.29657  385.50357 177.65416 204.28656 288.59141 163.22071 101.95097 146.1027  206.54539 235.46762 396.24361 62.514    199.48935 125.60653 207.8942  126.37247 229.58223 135.5913  371.01213 206.81393 306.20255 129.24782 181.95879 241.44772 242.53866 377.20021 381.52457 x         235.37205 257.07003 138.22084 303.2095  395.37324 317.0     331.94126 x         141.22323 226.36475 349.81281 261.6276  325.17072 174.18381 324.22831 356.54593 127.47549 311.87337 
33.0      408.94621 357.02801 397.98618 193.31063 543.13258 81.85964  402.18528 173.96839 389.07711 198.17669 187.57932 392.83712 173.27723 406.08989 222.32409 431.96759 137.53909 215.08138 361.73194 122.58874 210.1547  524.60461 384.8792  502.03586 114.21471 409.64497 194.00258 286.64438 576.05555 557.9077  235.37205 x         479.90103 133.73481 208.173   571.34928 433.11546 471.00425 355.5334  121.91801 413.88525 546.32316 484.83915 375.68072 408.14213 268.1865  359.08913 309.27334 526.69251 
466.47615 259.30677 492.15445 445.60072 293.9932  224.3212  433.24358 101.60709 465.55343 93.8616   348.76496 319.47613 124.90797 405.78319 428.43903 304.86226 76.24303  382.62776 348.17381 152.12166 428.91608 294.18702 222.27236 140.94325 102.78619 384.42164 76.41989  398.40683 322.55232 145.0     188.66372 257.07003 479.90103 x         354.23156 462.00974 199.27117 256.45272 226.63186 177.99157 363.64956 115.55085 128.01562 5.09902   344.89564 153.57409 445.9204  412.10921 180.23596 62.03225  
113.87713 338.32529 296.97138 313.90444 101.07423 410.82356 128.26535 270.65107 152.64338 267.5855  165.89454 57.93962  259.9423  106.30146 315.67071 161.19864 315.22849 127.20063 107.912   255.2822  91.41663  77.42093  392.61304 251.45377 369.08671 99.29753  288.73517 118.72658 172.74258 443.04063 424.28528 138.22084 133.73481 354.23156 x         172.07266 437.7682  305.94117 340.3792  257.28778 12.52996  280.85583 413.20697 359.27984 265.91164 307.77427 207.34753 269.86293 178.05898 397.1297  
175.58189 505.09504 149.21461 199.61212 271.00738 432.90299 262.48238 362.6086  35.0571   393.01018 335.75289 161.00311 342.69082 67.74216  212.62408 333.20864 445.53339 288.20999 114.28036 403.50713 93.91486  180.64606 413.18519 328.44482 439.52702 257.10893 413.41142 65.73431  154.87091 507.4564  464.72465 303.2095  208.173   462.00974 172.07266 x         476.05042 305.81203 355.39415 412.62574 175.38529 359.35637 478.28966 467.01713 212.13203 458.54117 65.14599  168.60902 286.68101 487.82886 
548.39128 455.01758 442.94582 374.10827 419.66296 55.10898  549.6044  192.20042 493.53926 259.58621 497.07344 384.98052 189.30663 441.70239 352.01278 455.10878 270.11849 512.6334  379.98421 330.65087 482.44792 361.36547 71.00704  191.92707 100.07997 503.50074 253.95472 426.203   321.54782 76.36753  13.89244  395.37324 571.34928 199.27117 437.7682  476.05042 x         176.3661  124.19742 359.49409 449.8622  x         74.46476  199.10048 286.39832 348.00575 434.49741 358.50384 273.8065  148.40822 
405.53175 x         268.26852 204.21557 324.72758 128.15615 431.20761 173.21663 327.20024 252.44801 413.65807 248.20355 150.632   281.46048 183.5647  379.08442 292.84979 409.41422 223.33159 313.16609 327.94664 230.08259 108.63241 137.8296  178.73164 391.5763  261.33503 263.42361 155.79474 226.49724 167.1945  317.0     433.11546 256.45272 305.94117 305.81203 176.3661  x         52.17279  339.66601 318.45408 147.51271 202.23748 259.80377 110.54863 354.62233 259.61703 183.3303  193.62076 245.30797 
444.95618 444.92022 319.82808 253.71244 345.74268 77.52419  461.97186 159.38005 375.25725 240.97303 432.05671 283.78337 141.22323 326.89142 232.34888 394.43757 274.2353  434.61477 266.85015 307.54674 371.34485 263.09694 57.80138  132.84954 137.37904 419.65939 245.81701 309.80316 202.76587 176.92089 115.11733 331.94126 471.00425 226.63186 340.3792  355.39415 124.19742 52.17279  x         335.59648 352.881   130.97328 154.53802 229.25968 162.49615 342.82503 311.09645 235.03191 204.65825 205.54805 
352.41027 112.76968 495.101   474.7473  164.0762  367.0218  290.70432 178.12636 402.61272 100.2447  185.21879 251.62273 194.37335 345.85691 464.55678 144.02778 103.73042 232.56182 306.15029 29.01724  347.53993 233.44593 357.61711 203.84308 260.09998 244.73046 106.738   347.85773 319.39474 319.4057  346.67708 x         355.5334  177.99157 257.28778 412.62574 359.49409 339.66601 335.59648 x         261.72505 206.6422  297.41049 181.17671 384.00521 52.61179  422.57307 432.04282 158.22136 239.77698 
103.31021 339.46576 304.17922 323.39604 102.18121 423.20799 116.40017 281.44094 153.80832 276.02355 160.7047  70.38466  271.22131 111.25197 325.7192  159.26079 322.89317 118.68024 118.27088 261.00192 90.35486  89.87213  405.03086 263.0057  380.4103  89.73851  297.10772 125.23977 184.31766 454.4007  436.35421 141.22323 121.91801 363.64956 12.52996  175.38529 449.8622  318.45408 352.881   261.72505 x         292.20027 424.60923 368.68008 277.41665 312.77468 213.88782 279.64442 188.66372 407.44693 
394.41095 314.35012 377.48642 330.10301 251.2847  163.487   384.19266 x         367.72272 110.06362 328.16002 234.41203 21.2132   309.61266 313.17727 286.5397  145.66056 344.47061 248.6222  178.05898 341.00587 209.02153 152.08221 31.32092  88.23265  337.02819 115.4123  298.93143 212.15089 162.20049 155.18376 226.36475 413.88525 115.55085 280.85583 359.35637 x         147.51271 130.97328 206.6422  292.20027 x         132.43867 119.77479 229.42755 211.87968 336.25139 296.71872 106.96261 128.56127 
526.60801 386.74539 468.34603 406.45295 379.24662 114.56003 514.89805 147.32277 490.91751 200.025   449.54755 365.49282 153.52524 434.92528 385.68899 406.28192 201.99257 472.27111 372.87666 269.24524 470.05212 340.3792  121.24768 161.97839 44.55334  467.11027 190.67249 x         324.54892 30.01666  66.88797  349.81281 546.32316 128.01562 413.20697 478.28966 74.46476  202.23748 154.53802 297.41049 424.60923 132.43867 x         127.19277 310.58171 280.20885 445.37737 383.47099 238.47222 74.0      
471.48489 260.84862 496.6387  449.72214 298.70721 225.32199 437.94292 106.36729 470.61874 98.40732  352.932   324.57511 129.5222  410.85521 x         309.0453  78.77182  387.1563  353.20391 155.61812 434.01498 299.28582 223.7074  145.52319 103.6195  389.12466 80.61017  403.44764 327.31942 143.26549 188.73262 261.6276  484.83915 5.09902   359.27984 467.01713 199.10048 259.80377 229.25968 181.17671 368.68008 119.77479 127.19277 x         349.00573 155.54099 450.74716 416.43247 185.33483 59.48109  
344.57075 495.80339 158.00316 100.72239 318.34729 236.01907 393.69658 248.16325 239.43475 315.52654 407.59048 211.00237 223.46588 206.61317 84.31489  381.87432 364.00549 387.25315 162.04938 361.96409 257.72078 203.30519 217.07602 207.54758 282.46062 363.04958 329.86209 186.06719 93.19335  336.02381 277.61304 325.17072 375.68072 344.89564 265.91164 212.13203 286.39832 110.54863 162.49615 384.00521 277.41665 229.42755 310.58171 349.00573 x         411.6552  156.98408 73.0      225.8008  345.65445 
404.77278 107.01869 532.51573 506.25784 216.39085 363.34144 342.8542  183.69812 450.40537 102.41582 234.79779 297.98322 204.38444 392.61304 494.30861 194.99744 78.23043  284.29034 349.28498 55.15433  397.19013 278.09531 356.55294 216.81328 248.07257 297.19522 97.98469  393.17808 355.14082 298.56323 336.12051 174.18381 408.14213 153.57409 307.77427 458.54117 348.00575 354.62233 342.82503 52.61179  312.77468 211.87968 280.20885 155.54099 411.6552  x         464.21547 465.03011 189.44656 214.89765 
235.21267 523.0153  91.39475  134.48048 298.21636 387.76926 314.42805 344.44884 99.46356  387.40805 373.06568 178.24141 322.21887 104.17773 147.73287 363.62618 440.25447 331.86895 117.20068 409.25542 147.64823 190.80094 368.24177 306.78983 409.76579 301.66372 406.60177 88.68484  124.10077 473.5103  424.14738 324.22831 268.1865  445.9204  207.34753 65.14599  434.49741 259.61703 311.09645 422.57307 213.88782 336.25139 445.37737 450.74716 156.98408 464.21547 x         104.84751 280.84515 464.00108 
326.40159 541.20791 85.00588  45.18849  341.47035 307.11887 391.93112 312.83542 201.16163 373.87164 426.75168 222.94618 288.36089 185.97312 47.09565  407.4911  424.46319 396.65854 162.27446 412.75295 236.60304 223.65151 288.54289 272.21499 354.54337 369.13141 389.99744 165.51133 114.62111 409.01956 350.06856 356.54593 359.08913 412.10921 269.86293 168.60902 358.50384 183.3303  235.03191 432.04282 279.64442 296.71872 383.47099 416.43247 73.0      465.03011 104.84751 x         275.72631 416.61733 
291.87155 270.14255 343.87352 317.51063 146.24979 259.2547  277.23816 92.91394  287.02787 106.96261 228.56946 139.26952 85.79627  227.03524 306.60887 189.88944 159.83116 238.90793 172.53985 137.18601 248.71269 113.95174 244.13111 81.9878   193.93298 230.22815 126.92124 221.57843 166.2077  267.82457 259.92499 127.47549 309.27334 180.23596 178.05898 286.68101 273.8065  193.62076 204.65825 158.22136 188.66372 106.96261 238.47222 185.33483 225.8008  189.44656 280.84515 275.72631 x         219.23731 
510.7563  319.62478 499.80796 445.39421 346.46789 183.67362 x         128.39003 495.39075 150.71165 406.77389 356.52349 145.52663 436.68295 426.27691 362.85672 138.1919  437.2688  376.3788  213.41275 465.17631 330.89273 186.35718 159.38946 68.24222  436.66463 135.91174 426.82081 340.02353 85.02353  140.03571 311.87337 526.69251 62.03225  397.1297  487.82886 148.40822 245.30797 205.54805 239.77698 407.44693 128.56127 74.0      59.48109  345.65445 214.89765 464.00108 416.61733 219.23731 x         
